,preds,labels,feature
0,1.0,1,AEAEAEAEAKAKAKAK
1,1.0,1,QEIARLEQEIARLEYEIARLE
2,1.0,1,GGGGGGGGGGDD
3,1.0,1,CKAKAQANM
4,1.0,1,CKAKAQANMWQ
5,1.0,1,FFALGLAGKK
6,1.0,1,FFGAAGLDGD
7,1.0,1,FKFEFKFEFKFE
8,1.0,1,AAAAAAAAAAAARR
9,1.0,1,FFPLGLAGDD
10,1.0,1,RADARADARADARADA
11,1.0,1,PRFRFRFRF
12,1.0,1,KFKFQFNMWQ
13,1.0,1,KIKIQINMWQ
14,1.0,1,VKVRVRVRVPPTRVRVRVKV
15,1.0,1,VRVRVRVRVPPTRVRVRVRV
16,1.0,1,KKKIIIVVVAAAGGG
17,1.0,1,VVVGGGIIIAAAKKK
18,1.0,1,CKIKQIINM
19,1.0,1,KASAKAEAKAEAKASA
20,1.0,1,KKSLSLSLSLSLSLKK
21,0.0,0,TTSGHTDTT
22,1.0,1,QQEFQWQFRQQ
23,1.0,1,GGGGGGGGDD
24,1.0,1,RARADADARARADADA
25,1.0,1,AAVVLLLWEEEEEEE
26,1.0,1,FFGALGLDGD
27,1.0,1,FFGPAGLKGK
28,1.0,1,KKKGGGAAAVVVIII
29,1.0,1,RATARAEARATARAEA
30,0.0,0,AGAHASADA
31,1.0,1,CEIEIQINM
32,1.0,1,CKFKFQFNMWQ
33,1.0,1,AAVVLLLWEE
34,1.0,1,CKIKIQINMWQ
35,1.0,1,CSISIQINM
36,1.0,1,FFGAAGLKGK
37,1.0,1,AEAEAKAKAEAEAKAK
38,1.0,1,FFPLGLAGKK
39,1.0,1,FFSGHFDFF
40,1.0,1,IIIVVVAAAGGGKKK
41,1.0,1,CKFKFQFNM
42,1.0,1,CKIKQIINMWQ
43,1.0,1,SAEAKAEAKAEASAEA
44,1.0,1,YTIAALLSPYS
45,1.0,1,WRWRWRWRWR
46,1.0,1,FFGALGLKGK
47,1.0,1,FFGPLGLDGD
48,1.0,1,YVNAKQYYRILKRRY
49,1.0,1,KAKAQANMWQ
50,1.0,1,FFGPLGLKGK
51,1.0,1,VKVKVKVRVPPTRVKVKVKV
52,1.0,1,GGGAAAVVVIIIKKK
53,1.0,1,KKKAAAIIIGGGVVV
54,1.0,1,MEMEMKMKMEMEMKMK
55,1.0,1,KIKQIINMWQ
56,1.0,1,PPPPPPPPPPRKKRRQRRR
57,1.0,1,PPPPPPPPPPRRR
58,1.0,1,RADARADFRADARADA
59,1.0,1,RATARAEFRATARAEA
60,1.0,1,CEIEIQINMWQ
61,1.0,1,FFGPAGLDGD
62,1.0,1,FGFHFSFDF
63,1.0,1,WVNAKQYWRILKRRW
64,1.0,1,KLDLKLDLKLDL
65,1.0,1,VKVKVRVRVPPTRVRVKVKV
66,1.0,1,AAKAAAKAAAKAAAKA
67,1.0,1,RADFRADARADARADA
68,1.0,0,TGTHTSTDT
69,1.0,0,AASGHADAA
70,1.0,0,VKVKVKVKVDPPTKVEVKVKV
