Sequence;Multiple properties model;Method without RNN
FFLYY;99,92;56,52
FFLYYKK;99,93;82,61
FNYFLQYYGYQNTG;99,94;75,36
FYFQYY;98,45;56,52
FYFQYYKK;99,43;56,52
FYFYY;99,91;82,61
KYFFLY;99,82;82,61
KYFFLYKK;99,83;82,61
KYFFQY;99,15;49,28
KYFLFFYY;99,92;84,06
KYFLFFYYKK;99,93;82,61
KYFLFFYYRR;99,88;82,61
KYFNYQGQY;80,36;28,99
KYFNYQGQYKK;93,76;39,13
KYLFFQTY;83,68;56,52
NQYYQN;9,82;11,59
NYQGQY;53,89;7,25
YFLQY;88,51;36,23
YYLFF;96,55;76,81
YYLFFKK;99,49;76,81
YYLFFNYQGQTNGY;99,94;73,91
YYNQQNY;68,98;8,7
