,preds,labels,feature
0,1.0,1,EFFAAE
1,1.0,1,FKFEFKFE
2,1.0,1,CEIEIQINMWQ
3,1.0,1,QQEFQWQFRQQ
4,1.0,1,CKAKAQANM
5,1.0,1,FTISD
6,1.0,1,AAVVLLLWEE
7,1.0,1,FFGAAGLDGD
8,1.0,1,SFSFSF
9,1.0,1,LLLLLLKK
10,0.0,1,VEVE
11,1.0,1,YVVFL
12,1.0,1,YVNAKQYYRILKRRY
13,1.0,1,FFPLGLAGKK
14,1.0,1,FFSGHFDFF
15,1.0,1,RADARADARADARADA
16,1.0,1,GGGGGGDD
17,1.0,1,GAIL
18,0.0,1,KAKAQA
19,1.0,1,KFKFQF
20,1.0,1,KYF
21,1.0,1,LIVAGD
22,1.0,1,LAVAGD
23,1.0,1,AIVAGD
24,1.0,1,LIVAGE
25,1.0,1,MEMEMKMKMEMEMKMK
26,0.0,1,QYQYQYQ
27,1.0,1,AAKAAAKAAAKAAAKA
28,1.0,1,CKIKQIINM
29,0.0,1,KIKQIINM
30,0.0,1,QMAVHV
31,1.0,1,RATARAEFRATARAEA
32,1.0,1,STVIIV
33,1.0,1,STVIIT
34,1.0,1,STVIIM
35,0.0,1,STNIIE
36,0.0,1,STEIIE
37,1.0,1,SNVIIE
38,1.0,1,SDVIIE
39,1.0,1,NTVIIE
40,1.0,1,ITVIIE
41,1.0,1,ETVIIE
42,1.0,1,LLYYTE
43,1.0,1,VEALYL
44,0.0,1,LYQLEN
45,1.0,1,VVVVV
46,1.0,1,FKFEF
47,0.0,1,VKVEV
48,1.0,1,KFFFE
49,1.0,1,KWMDF
50,0.0,0,RITTR
51,0.0,0,TTSGHTDTT
52,0.0,0,KIKQII
53,0.0,0,STVQIE
54,0.0,0,STVISE
55,0.0,0,STVIME
56,0.0,0,STVIGE
57,0.0,0,KTVIYE
58,0.0,0,KTVIVE
59,0.0,0,PTEKDE
60,0.0,0,NGKSNF
61,0.0,0,NGERIE
62,0.0,0,LSQPKI
63,0.0,0,LKNGER
64,1.0,0,IQVYSR
65,0.0,0,FTPTEK
66,0.0,0,ERIEKV
67,0.0,0,EKDEYA
68,1.0,0,DIEVDL
69,0.0,0,YQLENY
70,1.0,0,GFFYTP
71,0.0,0,NLGPVL
72,0.0,0,WKPYY
73,0.0,0,PPPHY
74,1.0,1,GGGGDD
75,1.0,1,NININI
76,1.0,1,CKAKAQANMWQ
77,1.0,1,VQIVYK
78,1.0,1,GFFLG
79,1.0,1,GGGGGGGGDD
80,1.0,1,YVVFV
81,0.0,1,VVEE
82,1.0,1,KLVFF
83,1.0,1,KLVFFAE
84,1.0,1,FFGPAGLDGD
85,1.0,1,FFGPLGLDGD
86,1.0,1,DFY
87,1.0,1,VVVVVVDD
88,0.0,1,SSTSAA
89,1.0,1,AEAEAKAKAEAEAKAK
90,1.0,1,VVVVVVKK
91,1.0,1,INHVGGTGGAIMAPVAVTRQLVGS
92,1.0,1,LIVGD
93,1.0,1,KAKAQANMWQ
94,1.0,1,KFG
95,1.0,1,KFKFQFNMWQ
96,1.0,1,FFGPLGLKGK
97,1.0,1,FFGPAGLKGK
98,1.0,1,KKKGGGAAAVVVIII
99,1.0,1,VVVGGGIIIAAAKKK
100,1.0,1,LIVAGK
101,1.0,1,LFF
102,1.0,1,CKFKFQF
103,1.0,1,KASAKAEAKAEAKASA
104,1.0,1,SAEAKAEAKAEASAEA
105,1.0,1,TTVIIE
106,1.0,1,SYVIIE
107,0.0,1,STVYIE
108,0.0,1,STVWIE
109,1.0,1,STVIIS
110,1.0,1,STVIIQ
111,1.0,1,STVIII
112,1.0,1,STVIIF
113,1.0,1,STVIIA
114,1.0,1,STVIFE
115,0.0,1,STVFIE
116,0.0,1,STQIIE
117,1.0,1,STLIIE
118,1.0,1,STFIIE
119,1.0,1,SMVIIE
120,1.0,1,ATVIIE
121,1.0,1,FYLLYY
122,1.0,1,AAVVLLLW
123,1.0,1,KFFDY
124,0.0,0,PLVKA
125,1.0,0,RITWI
126,0.0,0,TGTHTSTDT
127,1.0,0,AGAHASADA
128,1.0,0,KIKIQI
129,0.0,0,STVIVE
130,0.0,0,STVITE
131,0.0,0,STVIIP
132,0.0,0,STVGIE
133,1.0,0,STVAIE
134,0.0,0,STTIIE
135,0.0,0,STPIIE
136,1.0,0,STMIIE
137,0.0,0,KTVLIE
138,1.0,0,SDLSFS
139,0.0,0,FSKDWS
140,0.0,0,EHSDLS
141,0.0,0,GERGFF
142,1.0,0,EALYLV
143,0.0,0,KVKVK
144,0.0,0,PTPCY
145,0.0,0,KDHFY
146,0.0,0,EPYYK
147,0.0,0,KDPYY
148,1.0,1,QEIARLEQEIARLEYEIARLE
149,0.0,1,NNQQNY
150,1.0,1,YVIFL
151,1.0,1,WRWRWRWR
152,1.0,1,FFVLK
153,1.0,1,CKIKIQINMWQ
154,1.0,1,AAAAAAK
155,1.0,1,FAGFT
156,0.0,1,WRWRWR
157,1.0,1,FFGALGLDGD
158,1.0,1,WRWRWRWRWR
159,1.0,1,NVVVVY
160,1.0,1,FFGALGLKGK
161,1.0,1,FKFEFKFEFKFE
162,1.0,1,FFVDF
163,1.0,1,GFIL
164,1.0,1,FGFHFSFDF
165,1.0,1,PRFRFRFRF
166,1.0,1,IIIK
167,1.0,1,LLLLLLDD
168,1.0,1,KAKAQAN
169,1.0,1,KLDLKLDLKLDL
170,1.0,1,VKVKVKVRVPPTRVKVKVKV
171,1.0,1,KKKAAAIIIGGGVVV
172,1.0,1,ILVAGS
173,1.0,1,LIVAGT
174,1.0,1,LIVAD
175,1.0,1,IVAD
176,1.0,1,IID
177,1.0,1,NYNYNYN
178,0.0,1,SYSYSYS
179,1.0,1,CKFKFQFNM
180,1.0,1,CKIKIQI
181,1.0,1,CKIKIQIN
182,1.0,1,MKIKIQI
183,1.0,1,SVVIIE
184,1.0,1,STVIIN
185,1.0,1,STVIIL
186,1.0,1,STVIID
187,0.0,1,SSVIIE
188,1.0,1,SQVIIE
189,1.0,1,SAVIIE
190,1.0,1,LTVIIE
191,1.0,1,FTVIIE
192,0.0,1,NHVTLS
193,0.0,1,KDWSFY
194,1.0,1,LVEALY
195,1.0,1,KKSLSLSLSLSLSLKK
196,1.0,1,SYCGY
197,1.0,1,FFEKF
198,1.0,0,QIMRW
199,1.0,0,AASGHADAA
200,0.0,0,STVPIE
201,0.0,0,STVIQE
202,0.0,0,STVIAE
203,0.0,0,STDIIE
204,1.0,0,PTVIIE
205,1.0,0,YVSGFH
206,1.0,0,WSFYLL
207,0.0,0,VTLSQP
208,0.0,0,TEFTPT
209,0.0,0,SRHPAE
210,0.0,0,RTPKIQ
211,0.0,0,QPKIVK
212,0.0,0,PSDIEV
213,1.0,0,SLYQLE
214,1.0,0,HLVEAL
215,0.0,0,FYTPKT
216,1.0,0,FVNQHL
217,0.0,0,ERGFFY
218,0.0,0,KKFDD
219,0.0,0,DPDPD
220,0.0,0,YTEYK
221,0.0,0,YDPKY
222,1.0,1,AEAEAEAEAKAKAKAK
223,1.0,1,GFFLGLDD
224,1.0,1,AILSS
225,1.0,1,CEIEIQI
226,1.0,1,NFGAIL
227,1.0,1,LDFPI
228,1.0,1,CSISIQI
229,1.0,1,FFALGLAGKK
230,1.0,1,RARADADARARADADA
231,1.0,1,AAVVLLLWEEEEEEE
232,1.0,1,FFGAAGLKGK
233,1.0,1,VVVVVVK
234,1.0,1,FFPLGLAGDD
235,0.0,1,NVQVVY
236,1.0,1,VVVVVVD
237,1.0,1,WVNAKQYWRILKRRW
238,1.0,1,IKVAV
239,1.0,1,FGFDP
240,1.0,1,KFKFQFN
241,1.0,1,KIKIQINM
242,1.0,1,KIKIQINMWQ
243,1.0,1,VKVRVRVRVPPTRVRVRVKV
244,1.0,1,GGGAAAVVVIIIKKK
245,1.0,1,KKKIIIVVVAAAGGG
246,1.0,1,IIIVVVAAAGGGKKK
247,1.0,1,AIVAGS
248,1.0,1,GYGYGYG
249,1.0,1,NYNNYN
250,1.0,1,SYSSYS
251,1.0,1,CKAKAQA
252,1.0,1,CKIKQII
253,1.0,1,RADFRADARADARADA
254,1.0,1,RATARAEARATARAEA
255,1.0,1,NFGSVQ
256,1.0,1,YTVIIE
257,0.0,1,STVNIE
258,0.0,1,STVEIE
259,1.0,1,SLVIIE
260,1.0,1,SIVIIE
261,1.0,1,SFVIIE
262,0.0,1,QTVIIE
263,1.0,1,MTVIIE
264,1.0,1,GTVIIE
265,0.0,1,DTVIIE
266,1.0,1,FLVHSS
267,1.0,1,VKVFF
268,1.0,1,KFAFD
269,1.0,1,RWLDY
270,1.0,1,KWEFY
271,1.0,1,FKIDF
272,0.0,0,KAAGG
273,1.0,0,VKVKVKVKVDPPTKVEVKVKV
274,0.0,0,STYIIE
275,1.0,0,STVVIE
276,0.0,0,STVMIE
277,0.0,0,STVINE
278,0.0,0,STVIEE
279,0.0,0,SPVIIE
280,0.0,0,KTVIIT
281,0.0,0,KTVIIE
282,1.0,0,YYTEFT
283,0.0,0,VYSRHP
284,0.0,0,VKWDRD
285,0.0,0,PKIQVY
286,0.0,0,KVEHSD
287,1.0,0,KSNFLN
288,0.0,0,IEKVEH
289,0.0,0,HPAENG
290,0.0,0,FHPSDI
291,0.0,0,SHLVEA
292,0.0,0,GSHLVE
293,1.0,0,LIAGFN
294,0.0,0,VKVKV
295,1.0,1,CEIEIQINM
296,1.0,1,KFFAAK
297,1.0,1,GGGGGGGGGGDD
298,1.0,1,GGVVIA
299,0.0,1,ISDNL
300,1.0,1,YYACAYY
301,1.0,1,CKFKFQFNMWQ
302,1.0,1,FFKLVFF
303,1.0,1,CSISIQINM
304,1.0,1,AAAAAAD
305,0.0,1,ITSVV
306,1.0,1,GFFL
307,1.0,1,GAVILRR
308,1.0,1,NVVQIY
309,1.0,1,YFTEF
310,1.0,1,AAAAAAAAAAAARR
311,1.0,1,FGAIL
312,1.0,1,GNNQQNY
313,1.0,1,RFRFRFRF
314,0.0,1,NNVVNY
315,1.0,1,IIIIIIKK
316,1.0,1,VRVRVRVRVPPTRVRVRVRV
317,1.0,1,VKVKVRVRVPPTRVRVKVKV
318,1.0,1,ILVAGD
319,1.0,1,LIVAAD
320,1.0,1,LIVAGS
321,1.0,1,AIVAGT
322,0.0,1,IVD
323,1.0,1,QYQQYQ
324,1.0,1,CKIKQIINMWQ
325,1.0,1,KIKQIINMWQ
326,1.0,1,PPPPPPPPPPRKKRRQRRR
327,1.0,1,PPPPPPPPPPRRR
328,1.0,1,MKFKFQF
329,1.0,1,RADARADFRADARADA
330,1.0,1,YFCFY
331,1.0,1,YTIAALLSPYS
332,1.0,1,WTVIIE
333,1.0,1,VTVIIE
334,0.0,1,STVTIE
335,0.0,1,STVLIE
336,0.0,1,STVIYE
337,1.0,1,STVIIY
338,1.0,1,STVIIW
339,1.0,1,STVIIE
340,0.0,1,STSIIE
341,1.0,1,SGVIIE
342,1.0,1,SEVIIE
343,0.0,1,KIVKWD
344,0.0,0,PFTTR
345,0.0,0,VKVKVKVK
346,1.0,0,SWVIIE
347,0.0,0,STVSIE
348,0.0,0,STVIWE
349,0.0,0,STVIPE
350,0.0,0,STVILE
351,0.0,0,STVIDE
352,0.0,0,STVDIE
353,1.0,0,STIIIE
354,0.0,0,STGIIE
355,0.0,0,STAIIE
356,0.0,0,SGFHPS
357,0.0,0,RVNHVT
358,0.0,0,LSFSKD
359,0.0,0,KWDRDM
360,0.0,0,IQRTPK
361,0.0,0,EVDLLK
362,0.0,0,DLLKNG
363,0.0,0,AENGKS
364,1.0,0,RGFFYT
365,1.0,0,FFYTPK
366,0.0,0,RVSVD
367,0.0,0,YEPYK
